999999999999999999999999999999999999999999999999999999999999999999999999999999999999999999999999999999999999999999999999999999999999999999999999
888  888888  888888  888888  888888  888888  888888  888888  888888  888888  888888  888888  888888  888888  888888  888888  888888  888888  888
77    7777    7777    7777    7777    7777    7777    7777    7777    7777    7777    7777    7777    7777    7777    7777    7777    7777    77
6      66      66      66      66      66      66      66      66      66      66      66      66      66      66      66      66      66      6
55 55                                                                                                                              55 5555 55 55
444                                                                                                                                  444444  444
33333                                                                                                                              3333399999999
77                                                                                                                                    7777    77
6                                                                                                                                      66      6
55 55                                                                                                                              55 5555 55 55
444                                                                                                                                  444444  444
3333333333333333                                                                                 33333333333333333333333333333333333333399999999
77    7777    7777    7777    7                                                         77    7777    7777    7777    7777    7777    7777    77
6      66      66      66      66      66                                              66      66      66      66      66      66      66      6
55 55 5555 55 5555 55 5555 55 5555 55 5555 55                                    5 55 5555 55 5555 55 5555 55 5555 55 5555 55 5555 55 5555 55 55
444  444444  444444  444444  444444  444444  444444                           44444  444444  444444  444444  444444  444444  444444  444444  444
33333333333333333333333333333333333333333333333333333                          33333333333333333333333333333333333333333333333333333333399999999
77    7777    7777    7777    7777    7777    7777                                    7777    7777    7777    7777    7777    7777    7777    77
6      66      66      66      66      66      66                                      66      66      66      66      66      66      66      6
55 55 5555 55 5555 55 5555 55 5555 55 5555 55 5555                                 55 5555 55 5555 55 5555 55 5555 55 5555 55 5555 55 5555 55 55
444  444444  444444  444444  444444  444444  444444                              44  444444  444444  444444  444444  444444  444444  444444  444
3333333333333333333333333333333333333333333333333333                               3333333333333333333333333333333333333333333333333333399999999
77    7777    7777    7777    7777    7777    7777                                    7777    7777    7777    7777    7777    7777    7777    77
6      66      66      66      66      66      66                                      66      66      66      66      66      66      66      6
55 55 5555 55 5555 55 5555 55 5555 55 5555 55 5555                                 55 5555 55 5555 55 5555 55 5555 55 5555 55 5555 55 5555 55 55
444  444444                                                                                                                           44444  444
33333333333                                                                                                                            399999999
77    7777                                                                                                                            7777    77
6      66                                                                                                                              66      6                                                                                                                           44444  444
33333333333                                                                                                                            399999999
77    7777                                                                                                                            7777    77
6      66                                                                                                                              66      6                                                                                                                           44444  444
33333333333                                                                                                                            399999999
77    7777                                                                                                                            7777    77
6      66                                                                                                                              66      6                                                                                                                           44444  444
33333333333                                                                                                                            399999999
77    7777                                                                                                                            7777    77
6      66                                                                                                                              66      6                                                                                                                           44444  444
33333333333                                                                                                                            399999999
77    7777                                                                                                                            7777    77
6      66                                                                                                                              66      6                                                                                                                           44444  444
33333333333                                                                                                                            399999999
77    7777                                                                                                                            7777    77
6      66                                                                                                                              66      6                                                                                                                           44444  444
33333333333                                                                                                                            399999999
77    7777                                                                                                                            7777    77
6      66                                                                                                                              66      6
55 55 5555 55 5555 55 5555 55 5555 55 5555 55 5555 55 5555 55 5555 55 5555 55 5555 55 5555 55 5555 55 5555 55 5555 55 5555 55 5555 55 5555 55 55
444  444444  444444  444444  444444  444444  444444  444444  444444  444444  444444  444444  444444  444444  444444  444444  444444  444444  444