999999999999999999999999999999999999999999999999999999999999999999999999999999999999999999999999999999999999999999999999999999999999999999999999
888  888888  888888  888888  888888  888888  888888  888888  888888  888888  888888  888888  888888  888888  888888  888888  888888  888888  888
77    7777    7777    7777    7777    7777    7777    7777    7777    7777    7777    7777    7777    7777    7777    7777    7777    7777    77
6      66      66      66      66      66      66      66      66      66      66      66      66      66      66      66      66      66      6
55 55                                                                                                                              55 5555 55 55
444                                                                                                                                  444444  444
33333                                                                                                                              3333399999999
77                                                                                                                                    7777    77
6                                                                                                                                      66      6
55 55                                                                                                                              55 5555 55 55
444                                                                                                                                  444444  444
333333333333                                                                                     33333333333333333333333333333333333333399999999
77    7777                                                                              77    7777    7777    7777    7777    7777    7777    77
6      66                                                                              66      66      66      66      66      66      66      6
55 55 5555 55 5                                                                  5 55 5555 55 5555 55 5555 55 5555 55 5555 55 5555 55 5555 55 55
444  444444  444                                                              44444  444444  444444  444444  444444  444444  444444  444444  444
333333333333333333                                                             33333333333333333333333333333333333333333333333333333333399999999
77    7777    7777                                                                    7777    7777    7777    7777    7777    7777    7777    77
6      66      66                                                                      66      66      66      66      66      66      66      6
55 55 5555 55 5555                                                                 55 5555 55 5555 55 5555 55 5555 55 5555 55 5555 55 5555 55 55
444  444444  444444                                                              44  444444  444444  444444  444444  444444  444444  444444  444
3333333333333333333                                                                3333333333333333333333333333333333333333333333333333399999999
77    7777    7777                                                                    7777    7777    7777    7777    7777    7777    7777    77
6      66      66                                                                      66      66      66      66      66      66      66      6
55 55 5555 55 5555                                                                 55 5555 55 5555 55 5555 55 5555 55 5555 55 5555 55 5555 55 55
                                                                                                                                               g
                                                                                                                                               g
                                                                                                                                               g
                                                                                                                                               g
                                                                                                                                               g
                                                                                                                                               g
                                                                                                                                               g
                                                                                                                                               g
                                                                                                                                               g
6      66                                                                                                                                      g
33333333333                                                                                                                            399999999
77    7777                                                                                                                            7777    77
6      66                                                                                                                              66      6
33333333333                                                                                                                            399999999
77    7777                                                                                                                            7777    77
6      66                                                                                                                              66      6
33333333333                                                                                                                            399999999
77    7777                                                                                                                            7777    77
6      66                                                                                                                              66      6
33333333333                                                                                                                            399999999
77    7777                                                                                                                            7777    77
6      66                                                                                                                              66      6
55 55 5555 55 5555 55 5555 55 5555 55 5555 55 5555 55 5555 55 5555 55 5555 55 5555 55 5555 55 5555 55 5555 55 5555 55 5555 55 5555 55 5555 55 55
444  444444  444444  444444  444444  444444  444444  444444  444444  444444  444444  444444  444444  444444  444444  444444  444444  444444  444